ID pacjenta: 62/2022
Nazwisko: 
Imię: 
Płeć: kobieta
Data urodzenia: 13.08.2000
Wzrost: 169 cm
Waga: 57 kg

Czas        Obciążenie  VO2         VO2/kg      VCO2        RER         HR          VE          Bf          BR          VE/VO2      VE/ VCO2    FeO2        FeCO2       SpO2        PETO2       PETCO2      PEO2        PECO2       RPM         
min:sec     W           l/min       ml/min/kg   l/min                   1/min       l/min       1/min       %                                                           %           mmHg        mmHg        mmHg        mmHg        1/min       
            162         2,00        35,1        3,35        1,21        188         83          55          20          35,0                                            95          90                                                          
0:05        25          0,20        3,5         0,17        0,85        0           7           10          95          28,5        33,3        0,173       0,031       0           109         33          132         26          0           
0:10        25          0,29        5,1         0,25        0,85        0           9           13          92          28,0        33,0        0,171       0,032       0           108         34          131         26          0           
0:15        25          0,25        4,4         0,21        0,85        0           8           11          93          27,9        32,8        0,171       0,033       0           107         34          131         26          0           
0:00        0           0,22        3,9         0,19        0,85        0           8           14          94          29,0        34,2        0,174       0,030       0           109         33          133         25          0           
0:04        0           0,27        4,8         0,23        0,85        0           9           15          92          28,8        34,0        0,173       0,031       0           109         33          132         25          0           
0:09        0           0,25        4,4         0,21        0,84        0           8           13          93          28,4        33,6        0,173       0,031       0           108         33          132         26          0           
0:13        0           0,26        4,5         0,22        0,84        0           9           14          93          27,9        33,3        0,172       0,031       0           109         33          132         26          0           
0:17        0           0,25        4,4         0,21        0,84        0           9           15          93          28,9        34,4        0,174       0,030       0           109         33          133         25          0           
0:22        0           0,22        3,9         0,19        0,84        0           7           13          94          26,4        31,4        0,171       0,032       0           108         33          131         27          0           
0:27        0           0,26        4,5         0,21        0,83        0           8           13          93          26,5        31,8        0,170       0,033       0           106         34          130         27          0           
0:31        0           0,26        4,5         0,21        0,83        0           8           13          93          27,0        32,6        0,171       0,032       0           107         34          131         26          0           
0:36        0           0,27        4,7         0,22        0,83        0           8           13          93          26,8        32,3        0,170       0,033       0           106         34          130         27          0           
0:40        0           0,28        5,0         0,23        0,82        0           9           14          93          26,5        32,2        0,170       0,033       0           107         34          130         27          0           
0:47        0           0,20        3,5         0,17        0,84        0           6           9           95          27,6        33,0        0,171       0,032       0           107         34          131         26          0           
0:51        0           0,28        4,8         0,23        0,83        0           9           14          93          27,2        32,8        0,171       0,032       0           107         34          131         26          0           
0:56        0           0,26        4,6         0,22        0,83        0           8           12          93          26,6        32,0        0,169       0,033       0           106         35          130         27          0           
1:01        0           0,27        4,8         0,23        0,84        0           9           14          93          27,9        33,2        0,172       0,031       0           108         34          132         26          0           
1:05        0           0,26        4,6         0,22        0,85        0           9           13          93          27,6        32,6        0,171       0,032       0           107         34          131         27          0           
1:10        0           0,26        4,5         0,22        0,86        0           9           13          93          28,5        33,3        0,172       0,032       0           109         33          132         26          0           
1:15        0           0,24        4,2         0,21        0,87        0           8           13          93          29,4        33,7        0,174       0,031       0           110         33          132         26          0           
1:19        0           0,26        4,6         0,23        0,88        0           9           14          93          30,0        34,1        0,174       0,031       0           110         33          133         25          0           
1:24        0           0,24        4,2         0,21        0,88        0           8           12          94          28,6        32,4        0,173       0,033       0           108         35          132         27          0           
1:30        0           0,19        3,3         0,17        0,88        0           6           10          95          28,9        33,0        0,173       0,032       0           109         34          133         26          0           
1:34        0           0,29        5,0         0,25        0,86        0           9           14          92          28,2        32,7        0,172       0,032       0           108         34          131         26          0           
1:39        0           0,24        4,2         0,21        0,87        0           8           14          93          29,0        33,4        0,174       0,031       0           110         33          133         26          0           
1:43        0           0,26        4,6         0,23        0,87        0           9           15          93          28,4        32,6        0,173       0,032       0           109         33          132         26          0           
1:48        0           0,19        3,3         0,16        0,86        0           6           12          95          26,4        30,8        0,172       0,033       0           108         34          131         28          0           
1:52        0           0,26        4,5         0,23        0,88        0           9           14          93          29,2        33,3        0,174       0,031       0           111         32          133         26          0           
1:57        0           0,23        4,1         0,21        0,89        0           8           13          93          29,3        33,0        0,174       0,032       0           110         33          133         26          0           
2:01        0           0,23        4,1         0,21        0,88        0           8           13          93          29,4        33,3        0,174       0,031       0           110         33          133         26          0           
2:05        0           0,29        5,0         0,25        0,88        0           10          15          92          29,9        33,9        0,174       0,031       0           110         33          133         25          0           
2:10        0           0,26        4,6         0,24        0,91        0           9           14          92          30,4        33,5        0,175       0,032       0           111         33          133         26          0           
2:14        0           0,23        4,1         0,21        0,91        0           9           14          93          31,4        34,3        0,176       0,030       0           112         32          134         25          0           
2:19        0           0,22        3,8         0,20        0,90        0           8           14          93          31,4        34,7        0,177       0,030       0           112         32          135         25          0           
2:23        0           0,23        4,1         0,21        0,90        0           8           13          93          30,1        33,3        0,175       0,031       0           111         33          133         26          0           
2:27        0           0,24        4,2         0,21        0,89        0           8           15          93          29,3        32,8        0,174       0,031       0           111         33          133         26          0           
2:31        0           0,25        4,3         0,22        0,88        0           9           15          93          29,3        33,2        0,174       0,031       0           110         33          133         26          0           
2:36        0           0,23        4,1         0,20        0,88        0           8           12          94          28,3        32,4        0,172       0,032       0           108         34          132         27          0           
2:41        0           0,28        4,9         0,24        0,87        0           9           13          92          28,3        32,5        0,172       0,033       0           109         34          131         27          0           
2:45        0           0,28        4,9         0,25        0,88        0           9           14          92          28,3        32,3        0,172       0,033       0           108         34          131         27          0           
2:49        0           0,30        5,3         0,27        0,88        0           10          15          92          28,7        32,5        0,173       0,032       0           110         33          132         27          0           
2:53        0           0,31        5,5         0,28        0,89        0           11          15          91          28,9        32,5        0,173       0,033       0           109         34          132         27          0           
2:59        0           0,36        6,4         0,35        0,96        0           12          9           90          31,3        32,6        0,173       0,035       0           111         35          131         26          0           
3:03        0           0,32        5,6         0,30        0,95        0           12          16          91          31,3        32,9        0,175       0,032       0           110         35          133         26          26          
3:07        0           0,33        5,7         0,31        0,94        0           11          15          91          30,4        32,2        0,174       0,033       0           110         35          132         27          26          
3:12        0           0,36        6,2         0,34        0,95        0           12          13          90          29,6        31,3        0,172       0,035       0           109         36          131         28          34          
3:16        0           0,24        4,3         0,23        0,93        0           8           13          93          27,8        29,7        0,172       0,035       0           108         36          131         29          42          
3:19        0           0,44        7,7         0,40        0,93        0           15          19          88          29,5        31,9        0,173       0,034       0           109         35          132         27          52          
3:24        0           0,41        7,1         0,39        0,97        0           14          15          89          30,6        31,6        0,173       0,035       0           111         35          132         27          56          
3:28        0           0,34        5,9         0,33        0,99        0           12          15          90          32,0        32,5        0,175       0,033       0           111         35          133         27          56          
3:32        0           0,26        4,6         0,25        0,95        0           9           15          92          29,9        31,3        0,175       0,033       0           110         35          133         28          57          
3:36        0           0,37        6,4         0,34        0,92        0           11          14          91          26,3        28,5        0,168       0,038       0           109         36          128         30          58          
3:40        0           0,29        5,0         0,26        0,93        0           10          14          92          31,7        34,1        0,176       0,031       0           110         35          134         25          60          
3:44        0           0,44        7,6         0,40        0,93        0           14          15          88          29,6        32,0        0,172       0,035       0           110         35          131         27          59          
3:49        0           0,35        6,2         0,33        0,93        0           12          13          90          29,7        31,8        0,172       0,035       0           110         35          131         27          59          
3:53        0           0,36        6,3         0,34        0,96        0           13          13          90          31,5        32,9        0,174       0,034       0           112         34          133         26          59          
3:58        0           0,32        5,5         0,29        0,94        0           11          14          91          30,1        32,2        0,174       0,033       0           111         34          132         27          58          
4:02        0           0,34        5,9         0,31        0,92        0           11          15          91          29,2        31,7        0,173       0,034       0           110         34          132         27          58          
4:06        0           0,31        5,4         0,27        0,89        0           11          15          91          30,0        33,7        0,174       0,032       0           108         35          133         26          60          
4:09        0           0,36        6,3         0,31        0,87        0           11          16          91          27,8        31,8        0,171       0,034       0           109         34          131         27          59          
4:14        0           0,44        7,7         0,39        0,88        0           14          14          89          27,7        31,6        0,169       0,035       0           108         35          129         27          59          
4:18        0           0,35        6,2         0,31        0,88        0           11          13          91          28,7        32,7        0,171       0,033       0           108         35          131         26          59          
4:22        0           0,35        6,1         0,30        0,86        0           11          16          91          28,0        32,4        0,171       0,033       0           109         34          131         27          58          
4:26        0           0,33        5,8         0,28        0,85        0           11          14          91          27,7        32,5        0,171       0,033       0           107         35          130         27          59          
4:30        0           0,36        6,3         0,30        0,84        0           11          15          91          27,6        32,8        0,171       0,033       0           106         35          130         26          60          
4:34        0           0,42        7,4         0,35        0,83        0           13          15          90          27,0        32,4        0,169       0,034       0           106         35          129         27          58          
4:38        0           0,42        7,4         0,35        0,83        0           13          16          90          26,6        32,3        0,169       0,034       0           106         35          129         27          58          
4:42        0           0,44        7,7         0,36        0,83        0           14          15          89          27,4        33,2        0,169       0,033       0           108         34          130         26          58          
4:47        0           0,30        5,2         0,25        0,84        0           9           11          93          27,1        32,4        0,169       0,034       0           107         35          130         27          58          
4:52        0           0,45        7,9         0,37        0,82        0           13          13          89          26,5        32,2        0,167       0,035       0           105         36          128         27          58          
4:57        0           0,50        8,8         0,44        0,86        0           16          12          87          29,2        33,8        0,170       0,034       0           109         34          130         26          59          
5:02        0           0,37        6,4         0,32        0,86        0           12          13          90          28,7        33,2        0,171       0,033       0           108         34          131         26          59          
5:06        0           0,38        6,7         0,32        0,85        0           11          13          91          27,0        31,7        0,169       0,035       0           107         35          129         27          59          
5:11        0           0,37        6,5         0,31        0,83        0           11          14          91          27,3        33,0        0,170       0,033       0           106         35          130         26          59          
5:14        0           0,39        6,8         0,32        0,82        0           12          15          90          26,6        32,4        0,169       0,033       0           106         34          129         27          59          
5:18        0           0,41        7,2         0,33        0,81        0           13          19          89          27,0        33,3        0,170       0,032       0           106         34          130         26          59          
5:21        0           0,37        6,5         0,30        0,81        0           11          17          91          26,3        32,6        0,169       0,032       0           107         34          130         26          59          
5:25        0           0,44        7,7         0,35        0,81        0           13          16          89          26,4        32,8        0,168       0,033       0           108         33          130         26          60          
5:29        0           0,47        8,2         0,39        0,83        0           14          15          89          26,4        32,0        0,168       0,034       0           106         35          128         27          59          
5:33        0           0,33        5,8         0,27        0,81        0           10          14          92          26,5        32,6        0,169       0,033       0           105         35          130         26          58          
5:38        0           0,32        5,5         0,25        0,81        0           9           13          92          26,1        32,3        0,168       0,033       0           105         36          129         27          58          
5:42        0           0,53        9,3         0,42        0,78        0           14          16          88          23,8        30,3        0,163       0,036       0           103         35          125         28          59          
5:46        0           0,39        6,9         0,31        0,79        0           11          14          91          25,5        32,2        0,167       0,034       0           104         35          128         27          58          
5:50        0           0,39        6,8         0,31        0,80        0           11          16          91          25,3        31,8        0,167       0,034       0           105         35          128         27          59          
5:53        0           0,49        8,6         0,38        0,78        0           14          21          88          25,0        32,1        0,167       0,033       0           105         34          128         27          59          
5:57        0           0,44        7,7         0,35        0,80        0           12          14          90          25,3        31,7        0,166       0,035       0           105         35          128         27          58          
5:59        87          0,29        5,2         0,22        0,76        0           9           26          93          20,9        27,6        0,167       0,032       0           106         33          128         31          58          
6:03        87          0,51        8,9         0,39        0,78        0           14          16          89          23,8        30,7        0,163       0,036       0           102         36          126         28          59          
6:06        87          0,50        8,7         0,38        0,76        0           13          18          89          23,4        30,7        0,164       0,035       0           101         36          126         28          59          
6:09        87          0,60        10,6        0,46        0,77        0           16          19          87          23,7        30,9        0,163       0,035       0           103         36          126         28          58          
6:15        87          0,57        10,1        0,48        0,84        0           16          10          87          25,5        30,4        0,164       0,038       0           103         37          126         28          56          
6:18        87          0,57        10,0        0,45        0,79        0           16          20          87          25,3        32,0        0,167       0,034       0           104         36          128         27          63          
6:21        87          0,61        10,8        0,48        0,79        0           17          20          86          24,8        31,5        0,165       0,035       0           104         35          127         27          61          
6:26        87          0,40        7,1         0,32        0,78        0           11          14          91          24,4        31,3        0,165       0,035       0           102         37          127         28          61          
6:29        87          0,61        10,7        0,46        0,76        0           16          18          87          23,8        31,3        0,163       0,035       0           101         37          125         28          60          
6:32        87          0,61        10,7        0,46        0,75        0           16          19          87          23,9        31,8        0,164       0,034       0           101         37          126         27          60          
6:37        87          0,67        11,7        0,51        0,76        0           16          14          87          21,8        28,8        0,158       0,039       0           99          38          122         30          62          
6:40        87          0,53        9,3         0,40        0,74        0           14          16          89          22,9        30,8        0,162       0,035       0           99          38          125         28          61          
6:44        87          0,80        14,0        0,58        0,72        0           18          16          86          20,2        27,9        0,154       0,040       0           95          40          119         31          59          
6:47        87          0,61        10,6        0,42        0,69        0           14          19          88          20,2        29,1        0,157       0,037       0           94          40          121         30          59          
6:50        87          0,81        14,1        0,57        0,70        0           18          18          86          19,7        28,1        0,153       0,039       0           93          40          119         31          57          
6:54        87          0,95        16,6        0,67        0,71        0           20          18          83          19,5        27,4        0,152       0,041       0           93          41          118         31          54          
6:58        87          0,78        13,6        0,57        0,74        0           17          16          86          20,5        27,8        0,155       0,040       0           94          41          120         31          57          
7:01        87          0,89        15,6        0,65        0,73        0           20          19          84          20,2        27,6        0,154       0,040       0           94          41          119         31          57          
7:04        87          0,93        16,3        0,69        0,74        0           21          18          83          20,4        27,4        0,154       0,041       0           93          42          119         31          58          
7:08        87          0,94        16,5        0,74        0,79        0           22          17          82          21,6        27,4        0,157       0,042       0           97          41          121         32          58          
7:11        87          0,70        12,2        0,55        0,79        0           17          20          86          21,4        27,2        0,158       0,040       0           96          42          122         32          58          
7:14        87          0,64        11,3        0,50        0,77        0           15          17          88          21,2        27,4        0,158       0,040       0           96          42          121         31          56          
7:17        87          1,11        19,4        0,84        0,76        0           22          20          82          18,0        23,7        0,147       0,047       0           90          45          114         36          56          
7:21        87          0,89        15,6        0,70        0,79        0           20          16          84          20,3        25,9        0,154       0,044       0           94          44          118         33          56          
7:24        87          1,10        19,4        0,87        0,79        0           23          19          81          19,4        24,7        0,151       0,046       0           92          45          117         35          57          
7:27        87          1,00        17,6        0,82        0,82        0           23          19          81          21,0        25,8        0,155       0,044       0           96          44          120         33          57          
7:31        87          1,12        19,7        0,98        0,88        0           27          14          78          22,5        25,7        0,157       0,046       0           97          44          121         34          59          
7:34        87          1,06        18,5        0,92        0,87        0           25          19          80          21,8        25,0        0,157       0,046       0           97          45          120         35          56          
7:38        87          0,93        16,3        0,84        0,90        0           23          17          81          22,7        25,1        0,159       0,045       0           100         43          122         34          56          
7:41        87          1,05        18,5        0,95        0,90        0           26          21          79          22,6        25,0        0,159       0,045       0           99          45          122         34          57          
7:45        87          0,82        14,4        0,74        0,89        0           18          15          85          20,3        22,7        0,154       0,050       0           96          47          118         38          57          
7:48        87          1,20        21,0        1,12        0,93        0           29          15          77          22,8        24,4        0,158       0,048       0           99          45          121         35          57          
7:52        87          0,97        17,0        0,90        0,93        0           24          19          80          23,0        24,8        0,160       0,046       0           99          45          122         35          57          
7:54        87          1,12        19,7        1,03        0,92        0           27          21          78          22,3        24,3        0,158       0,047       0           99          45          121         36          54          
7:57        87          1,02        17,9        0,95        0,93        0           26          22          78          23,8        25,6        0,162       0,044       0           100         44          123         34          54          
8:00        87          1,17        20,6        1,12        0,95        0           31          22          75          24,3        25,6        0,162       0,045       0           102         44          124         34          58          
8:03        87          1,05        18,4        1,01        0,96        0           28          19          77          24,5        25,5        0,162       0,045       0           101         44          124         34          59          
8:07        87          1,11        19,5        1,09        0,98        0           28          17          77          23,6        24,2        0,160       0,048       0           100         46          122         36          59          
8:10        87          0,80        14,1        0,78        0,97        0           19          17          84          22,0        22,7        0,158       0,050       0           98          47          120         38          54          
8:13        87          1,23        21,5        1,18        0,96        0           30          21          75          22,8        23,7        0,159       0,048       0           98          47          121         36          54          
8:16        87          1,14        19,9        1,11        0,97        0           29          22          76          23,9        24,6        0,162       0,047       0           100         45          123         35          53          
8:18        87          1,32        23,2        1,30        0,98        0           36          25          71          25,1        25,6        0,164       0,045       0           102         44          124         34          60          
8:22        87          0,87        15,2        0,89        1,03        0           25          17          80          26,8        26,1        0,166       0,044       0           104         43          126         33          60          
8:25        87          1,15        20,1        1,17        1,02        0           30          18          75          24,6        24,2        0,162       0,048       0           100         47          123         36          60          
8:28        87          1,15        20,2        1,15        1,00        0           29          19          76          23,9        23,9        0,161       0,048       0           100         47          122         36          59          
8:31        87          1,21        21,2        1,23        1,02        0           32          20          74          25,1        24,6        0,163       0,047       0           102         45          124         35          59          
8:34        87          1,14        20,0        1,18        1,03        0           31          21          75          25,4        24,6        0,164       0,047       0           103         45          124         35          59          
8:37        87          1,06        18,7        1,09        1,03        0           29          20          76          25,6        24,9        0,164       0,046       0           103         45          125         35          59          
8:40        87          1,21        21,3        1,27        1,05        0           32          20          74          25,0        23,8        0,163       0,048       0           102         45          123         36          57          
8:43        87          0,88        15,4        0,92        1,05        0           25          19          80          26,3        25,2        0,166       0,045       0           104         44          126         34          58          
8:47        87          1,22        21,4        1,25        1,02        0           32          18          74          24,5        23,9        0,162       0,049       0           102         46          123         36          58          
8:50        87          1,06        18,7        1,08        1,01        0           27          19          78          23,6        23,3        0,161       0,049       0           101         47          122         37          58          
8:53        87          1,05        18,5        1,06        1,01        0           26          19          79          23,1        22,9        0,160       0,050       0           98          48          121         38          59          
8:56        87          1,28        22,4        1,28        1,00        0           32          20          74          23,3        23,3        0,160       0,050       0           99          47          121         37          59          
8:59        87          1,26        22,2        1,30        1,03        0           33          20          73          24,5        23,8        0,162       0,049       0           100         46          123         36          60          
9:02        87          1,25        21,9        1,29        1,03        0           34          24          73          25,1        24,3        0,164       0,047       0           103         45          124         35          60          
9:04        87          1,30        22,9        1,38        1,06        0           37          24          70          26,7        25,1        0,166       0,046       0           105         44          126         34          61          
9:07        87          0,93        16,3        0,97        1,04        0           22          18          82          21,8        20,8        0,157       0,054       0           100         48          119         41          61          
9:11        87          1,24        21,7        1,31        1,06        0           32          19          74          24,1        22,8        0,161       0,051       0           101         48          122         38          59          
9:13        87          1,22        21,5        1,28        1,04        0           33          23          73          25,2        24,2        0,164       0,048       0           102         45          124         36          58          
9:17        87          1,09        19,1        1,15        1,06        0           28          17          77          24,5        23,1        0,162       0,050       0           102         47          123         37          58          
9:19        87          1,37        24,1        1,43        1,04        0           37          25          70          24,9        24,0        0,163       0,048       0           102         46          124         36          56          
9:22        87          1,21        21,2        1,28        1,05        0           33          23          73          25,8        24,5        0,165       0,047       0           102         45          125         35          56          
9:24        87          1,26        22,1        1,34        1,06        0           37          26          70          27,1        25,5        0,167       0,045       0           105         44          126         34          63          
9:26        87          1,31        23,0        1,41        1,08        0           38          25          69          27,1        25,1        0,167       0,046       0           106         44          126         34          63          
9:29        87          1,05        18,4        1,13        1,08        0           29          21          76          26,2        24,3        0,166       0,047       0           104         46          125         36          64          
9:33        87          0,85        15,0        0,88        1,03        0           21          17          83          22,3        21,6        0,159       0,052       0           99          49          120         40          64          
9:35        87          1,49        26,1        1,54        1,04        0           40          25          67          25,2        24,3        0,164       0,048       0           103         45          124         36          62          
9:38        87          1,36        23,9        1,46        1,07        0           39          20          68          27,2        25,4        0,166       0,046       0           106         44          126         34          61          
9:40        87          1,35        23,6        1,45        1,08        0           40          29          67          27,9        25,8        0,168       0,044       0           107         43          127         33          61          
9:42        87          1,19        20,9        1,31        1,10        0           36          27          70          28,4        25,8        0,169       0,044       0           107         43          128         33          61          
9:45        87          1,21        21,2        1,34        1,11        0           37          26          70          28,5        25,7        0,169       0,045       0           106         44          128         34          61          
9:47        87          1,33        23,4        1,48        1,11        0           40          26          67          28,1        25,4        0,168       0,045       0           107         43          127         34          61          
9:49        87          1,25        21,9        1,39        1,11        0           38          26          69          28,5        25,6        0,169       0,045       0           107         43          128         34          61          
9:52        87          1,17        20,5        1,30        1,11        0           37          27          70          29,3        26,3        0,170       0,043       0           107         43          129         33          61          
9:54        87          1,25        22,0        1,40        1,12        0           38          26          69          28,5        25,6        0,169       0,045       0           107         43          128         34          61          
9:57        87          1,17        20,5        1,29        1,10        0           34          20          73          27,1        24,5        0,167       0,047       0           105         45          126         35          61          
10:00       87          1,15        20,1        1,26        1,10        0           33          21          73          26,7        24,3        0,166       0,048       0           105         44          125         35          60          
10:02       87          1,34        23,6        1,45        1,08        0           39          25          68          27,0        24,9        0,167       0,046       0           105         45          126         35          60          
10:05       87          1,25        21,9        1,36        1,09        0           36          23          70          27,4        25,1        0,167       0,046       0           105         44          126         34          59          
10:07       87          1,28        22,5        1,40        1,09        0           39          27          68          28,4        26,0        0,169       0,044       0           107         43          128         33          59          
10:10       87          1,07        18,7        1,19        1,11        0           32          22          74          28,0        25,2        0,168       0,046       0           106         44          127         34          60          
10:12       87          1,32        23,2        1,43        1,09        0           38          26          69          27,0        24,9        0,167       0,046       0           106         44          126         35          60          
10:15       87          0,92        16,2        1,00        1,08        0           27          18          78          27,8        25,7        0,168       0,045       0           104         44          127         34          61          
10:18       87          1,54        27,0        1,59        1,03        0           41          25          66          25,2        24,4        0,163       0,048       0           104         45          124         35          61          
10:20       87          1,18        20,8        1,26        1,07        0           35          24          71          27,6        25,9        0,168       0,044       0           105         44          127         33          61          
10:23       87          1,27        22,3        1,38        1,08        0           37          24          70          27,4        25,3        0,167       0,046       0           105         44          126         34          61          
10:25       87          1,19        20,9        1,29        1,09        0           36          26          71          27,8        25,7        0,168       0,045       0           106         44          127         34          60          
10:27       87          1,27        22,2        1,40        1,11        0           39          28          68          29,0        26,2        0,170       0,044       0           108         42          128         33          60          
10:29       87          1,41        24,7        1,57        1,12        0           44          29          64          29,0        26,0        0,170       0,044       0           108         43          128         33          61          
10:32       87          1,21        21,2        1,36        1,12        0           38          26          69          29,7        26,4        0,171       0,044       0           108         43          129         33          61          
10:34       87          1,19        20,9        1,33        1,12        0           36          24          70          28,6        25,6        0,169       0,045       0           107         44          128         34          61          
10:36       87          1,30        22,8        1,47        1,13        0           41          27          67          29,4        26,1        0,170       0,044       0           107         43          128         33          61          
10:39       87          1,19        20,9        1,36        1,14        0           38          25          69          30,2        26,5        0,171       0,044       0           109         41          129         33          61          
10:42       87          1,08        18,9        1,22        1,13        0           33          20          73          28,7        25,4        0,169       0,046       0           107         43          127         34          61          
10:44       87          1,35        23,7        1,50        1,11        0           41          28          66          28,4        25,7        0,169       0,045       0           107         43          128         34          59          
10:46       87          1,39        24,4        1,56        1,12        0           45          29          63          30,5        27,3        0,171       0,042       0           108         42          129         32          59          
10:48       87          1,15        20,1        1,29        1,13        0           38          27          69          31,2        27,7        0,173       0,041       0           110         41          130         31          59          
10:51       87          1,13        19,9        1,27        1,12        0           34          21          73          27,9        24,9        0,168       0,047       0           106         44          127         35          64          
10:54       87          1,22        21,3        1,34        1,10        0           36          23          71          27,4        25,0        0,167       0,046       0           106         44          126         35          61          
10:56       87          1,19        20,9        1,30        1,09        0           35          24          71          27,8        25,5        0,168       0,045       0           106         43          127         34          61          
10:58       87          1,26        22,1        1,37        1,09        0           38          25          69          28,4        26,0        0,169       0,044       0           107         43          127         33          61          
11:01       87          1,24        21,8        1,36        1,09        0           36          23          70          27,4        25,0        0,167       0,046       0           106         43          126         34          59          
11:04       87          1,23        21,6        1,35        1,09        0           36          20          70          27,8        25,4        0,167       0,046       0           107         43          126         34          61          
11:06       87          1,30        22,9        1,41        1,08        0           39          26          68          28,3        26,1        0,169       0,044       0           107         43          127         33          61          
11:09       87          1,28        22,4        1,40        1,10        0           41          27          67          29,7        27,1        0,171       0,043       0           109         41          129         32          61          
11:11       87          1,46        25,5        1,61        1,11        0           46          28          62          29,9        27,1        0,171       0,043       0           109         41          129         32          61          
11:13       87          1,31        23,1        1,45        1,11        0           43          29          65          30,8        27,9        0,172       0,041       0           110         40          130         31          61          
11:15       87          1,34        23,4        1,48        1,11        0           44          27          64          30,8        27,7        0,172       0,042       0           109         41          130         31          61          
11:17       87          1,19        20,9        1,32        1,11        0           39          26          68          30,7        27,7        0,172       0,042       0           110         40          130         31          61          
11:20       87          1,30        22,8        1,44        1,11        0           42          27          66          30,4        27,5        0,171       0,042       0           109         41          129         31          60          
11:22       87          1,33        23,4        1,47        1,10        0           44          29          64          31,1        28,2        0,172       0,041       0           110         40          130         31          60          
11:24       87          1,32        23,2        1,47        1,11        0           43          27          65          30,3        27,2        0,171       0,043       0           109         41          129         32          60          
11:26       87          1,24        21,8        1,38        1,11        0           39          23          68          29,7        26,8        0,170       0,043       0           109         42          129         32          60          
0:00        25          1,26        22,2        1,37        1,09        0           41          28          67          30,1        27,8        0,171       0,041       0           108         41          129         31          58          
0:03        25          1,03        18,1        1,13        1,09        0           34          22          72          31,3        28,6        0,172       0,040       0           110         40          130         30          58          
0:06        25          1,03        18,1        1,07        1,03        0           30          24          75          27,1        26,2        0,167       0,043       0           104         44          127         33          58          
0:08        25          1,25        21,9        1,29        1,03        0           36          23          70          27,2        26,4        0,167       0,044       0           104         44          126         33          63          
0:11        25          1,32        23,1        1,36        1,03        0           38          24          69          27,1        26,2        0,167       0,044       0           105         43          126         33          63          
0:13        25          1,38        24,2        1,43        1,04        0           41          27          67          27,8        26,7        0,168       0,043       0           107         42          127         32          57          
0:16        25          1,30        22,8        1,39        1,07        0           41          26          66          29,8        27,9        0,171       0,041       0           108         41          129         31          57          
0:18        25          1,19        20,8        1,30        1,09        0           39          27          68          30,6        28,0        0,172       0,041       0           108         42          130         31          62          
0:20        25          1,28        22,5        1,41        1,10        0           43          28          65          31,3        28,4        0,173       0,041       0           110         40          130         30          62          
0:22        25          1,24        21,8        1,40        1,12        0           43          28          65          32,3        28,7        0,174       0,040       0           111         40          131         30          60          
0:24        25          1,17        20,5        1,32        1,13        0           41          29          67          32,6        28,9        0,174       0,040       0           111         40          132         30          60          
0:27        25          1,14        20,1        1,33        1,17        0           40          24          67          32,8        28,1        0,174       0,041       0           112         40          131         31          60          
0:29        25          1,16        20,3        1,37        1,18        0           41          27          66          33,3        28,2        0,175       0,041       0           112         40          132         31          59          
0:31        25          1,12        19,7        1,37        1,22        0           42          29          66          34,9        28,7        0,176       0,040       0           113         39          133         30          59          
0:33        25          1,07        18,7        1,29        1,21        0           40          27          68          34,7        28,8        0,176       0,040       0           113         40          133         30          61          
0:36        25          0,77        13,5        0,93        1,21        0           30          19          76          36,0        29,7        0,177       0,039       0           113         40          134         29          61          
0:39        25          0,92        16,2        1,07        1,16        0           30          22          75          30,2        26,0        0,171       0,044       0           109         43          129         33          61          
0:41        25          1,06        18,5        1,22        1,16        0           37          27          70          32,3        27,9        0,174       0,041       0           111         41          131         31          64          
0:44        25          0,94        16,5        1,09        1,16        0           34          25          73          33,0        28,5        0,175       0,040       0           111         41          132         30          64          
0:46        25          0,99        17,3        1,15        1,16        0           35          26          71          33,3        28,6        0,175       0,040       0           112         40          132         30          64          
0:48        25          1,02        17,9        1,20        1,18        0           37          26          70          33,9        28,7        0,176       0,040       0           112         40          132         30          60          
0:51        25          0,91        16,0        1,09        1,20        0           34          25          72          35,2        29,4        0,177       0,039       0           113         39          133         29          60          
0:53        25          0,82        14,4        1,01        1,23        0           32          22          74          36,0        29,2        0,177       0,039       0           113         40          134         30          60          
0:56        25          0,95        16,7        1,15        1,21        0           36          27          70          35,5        29,3        0,177       0,039       0           113         40          133         29          60          
0:59        25          0,64        11,3        0,78        1,21        0           24          19          80          35,2        29,0        0,177       0,039       0           113         40          133         30          60          
1:02        25          0,96        16,8        1,12        1,16        0           32          21          74          31,2        26,8        0,172       0,043       0           111         41          130         32          60          
1:04        25          0,81        14,2        0,96        1,18        0           30          24          75          34,4        29,1        0,176       0,039       0           112         40          133         30          62          
1:07        25          0,86        15,0        1,03        1,20        0           32          24          74          34,3        28,5        0,176       0,040       0           113         39          133         30          62          
1:09        25          0,89        15,6        1,07        1,20        0           33          25          73          35,0        29,1        0,177       0,039       0           113         39          133         30          60          
1:12        25          0,90        15,8        1,09        1,21        0           35          25          72          35,7        29,5        0,177       0,039       0           114         38          134         29          60          
1:15        25          0,67        11,8        0,83        1,24        0           25          18          79          35,1        28,4        0,177       0,040       0           112         41          133         30          60          
1:18        25          0,80        14,0        0,95        1,19        0           30          22          76          34,6        29,0        0,176       0,040       0           112         39          133         30          58          
1:21        25          0,77        13,6        0,94        1,21        0           29          21          76          35,0        28,8        0,177       0,040       0           113         39          133         30          58          
1:23        25          0,70        12,2        0,85        1,22        0           27          20          78          35,7        29,4        0,177       0,039       0           113         39          134         29          59          
1:26        25          0,70        12,3        0,84        1,20        0           26          21          78          34,7        28,9        0,177       0,039       0           112         40          133         30          59          
1:29        25          0,76        13,3        0,90        1,19        0           28          23          77          34,6        29,1        0,176       0,039       0           113         39          133         30          61          
1:32        25          0,66        11,6        0,79        1,19        0           25          21          80          34,7        29,1        0,177       0,039       0           112         39          133         30          60          
1:35        25          0,56        9,9         0,67        1,18        0           21          17          82          35,1        29,7        0,177       0,038       0           113         38          134         29          60          
1:38        25          0,84        14,8        0,96        1,14        0           29          23          77          31,6        27,6        0,173       0,041       0           111         39          131         31          59          
1:41        25          0,74        13,0        0,85        1,14        0           28          23          77          34,6        30,3        0,177       0,037       0           113         38          133         28          59          
1:44        25          0,80        14,0        0,95        1,18        0           29          21          76          33,6        28,4        0,175       0,040       0           113         39          132         30          59          
1:46        25          0,74        12,9        0,87        1,18        0           28          23          77          35,6        30,1        0,177       0,038       0           113         38          134         29          59          
1:49        25          0,69        12,0        0,82        1,19        0           27          22          78          35,6        30,0        0,178       0,038       0           114         38          134         29          58          
1:52        25          0,66        11,6        0,79        1,19        0           26          22          79          36,1        30,3        0,178       0,037       0           114         37          134         28          58          
1:55        25          0,65        11,4        0,78        1,19        0           26          22          79          36,0        30,2        0,178       0,037       0           113         38          134         29          58          
1:57        25          0,80        13,9        0,94        1,19        0           31          24          75          35,8        30,1        0,178       0,038       0           114         37          134         29          58          
2:00        25          0,68        11,9        0,82        1,20        0           28          21          77          37,8        31,4        0,179       0,036       0           115         36          135         27          58          
2:03        25          0,60        10,5        0,71        1,20        0           23          19          81          35,2        29,4        0,177       0,039       0           113         39          134         29          58          
2:05        25          0,75        13,2        0,87        1,17        0           30          26          75          36,9        31,7        0,179       0,036       0           114         37          135         27          58          
2:09        25          0,48        8,4         0,57        1,18        0           20          17          84          38,0        32,2        0,180       0,035       0           114         37          136         27          58          
2:12        25          0,63        11,1        0,72        1,14        0           26          23          78          38,3        33,6        0,180       0,034       0           116         36          136         26          58          
2:14        25          0,46        8,0         0,54        1,18        0           21          27          83          39,9        33,8        0,182       0,032       0           117         35          138         26          58          
2:16        25          0,67        11,8        0,80        1,20        0           26          24          79          35,5        29,6        0,178       0,038       0           115         37          134         29          58          
2:19        25          0,70        12,2        0,86        1,23        0           29          19          76          39,7        32,2        0,180       0,036       0           117         35          136         27          58          
2:22        25          0,45        7,9         0,57        1,27        0           22          24          82          44,1        34,6        0,184       0,032       0           118         35          139         25          58          
2:25        25          0,53        9,4         0,69        1,29        0           25          23          79          43,2        33,5        0,183       0,034       0           118         35          138         26          58          
2:27        25          0,50        8,7         0,67        1,34        0           24          26          80          43,2        32,2        0,184       0,034       0           119         35          138         27          58          
2:42        25          0           0           0           0           0           0           0           0           0           0           0           0           0           0           0           0           0           58          
2:47        25          0           0           0           0           0           0           0           0           0           0           0           0           0           0           0           0           0           58          
2:52        25          0           0           0           0           0           0           0           0           0           0           0           0           0           0           0           0           0           58          
2:57        25          0           0           0           0           0           0           0           0           0           0           0           0           0           0           0           0           0           58          
3:02        25          0           0           0           0           0           0           0           0           0           0           0           0           0           0           0           0           0           58          
3:07        25          0           0           0           0           0           0           0           0           0           0           0           0           0           0           0           0           0           58          
3:12        25          0           0           0           0           0           0           0           0           0           0           0           0           0           0           0           0           0           58          
3:17        25          0           0           0           0           0           0           0           0           0           0           0           0           0           0           0           0           0           58          
3:23        25          0           0           0           0           0           0           0           0           0           0           0           0           0           0           0           0           0           58          
3:28        25          0           0           0           0           0           0           0           0           0           0           0           0           0           0           0           0           0           58          
3:33        25          0           0           0           0           0           0           0           0           0           0           0           0           0           0           0           0           0           58          
3:38        25          0           0           0           0           0           0           0           0           0           0           0           0           0           0           0           0           0           58          
3:43        25          0           0           0           0           0           0           0           0           0           0           0           0           0           0           0           0           0           58          
3:48        25          0           0           0           0           0           0           0           0           0           0           0           0           0           0           0           0           0           58          
3:53        25          0           0           0           0           0           0           0           0           0           0           0           0           0           0           0           0           0           58          
3:58        25          0           0           0           0           0           0           0           0           0           0           0           0           0           0           0           0           0           58          
4:03        25          0           0           0           0           0           0           0           0           0           0           0           0           0           0           0           0           0           58          
